%YAML:1.0
---
K: !!opencv-matrix
   rows: 3
   cols: 3
   dt: d
   data: [ 6.5200634199540605e+02, 0., 3.3235959089831709e+02, 0.,
       6.5235631948960736e+02, 2.1358266352788891e+02, 0., 0., 1. ]
D: !!opencv-matrix
   rows: 1
   cols: 5
   dt: d
   data: [ 1.0724952937392873e-01, -4.0074917500358692e-01,
       -7.5994318477970394e-03, 5.3856769002255294e-03,
       7.2076964571081747e-01 ]
