%YAML:1.0
---
K: !!opencv-matrix
   rows: 3
   cols: 3
   dt: d
   data: [ 6.3887502718212738e+02, 0., 3.2413554765779406e+02, 0.,
       6.4040808110343130e+02, 2.4844109146381066e+02, 0., 0., 1. ]
D: !!opencv-matrix
   rows: 1
   cols: 5
   dt: d
   data: [ 1.7643357402731896e-01, -1.6002070948739640e+00,
       -4.3490932874918620e-03, -1.0857918846571789e-03,
       6.4294211581821337e+00 ]
