%YAML:1.0
---
K1: !!opencv-matrix
   rows: 3
   cols: 3
   dt: d
   data: [ 6.5200634199540605e+02, 0., 3.3235959089831709e+02, 0.,
       6.5235631948960736e+02, 2.1358266352788891e+02, 0., 0., 1. ]
D1: !!opencv-matrix
   rows: 1
   cols: 5
   dt: d
   data: [ 1.0724952937392873e-01, -4.0074917500358692e-01,
       -7.5994318477970394e-03, 5.3856769002255294e-03,
       7.2076964571081747e-01 ]
K2: !!opencv-matrix
   rows: 3
   cols: 3
   dt: d
   data: [ 6.3887502718212738e+02, 0., 3.2413554765779406e+02, 0.,
       6.4040808110343130e+02, 2.4844109146381066e+02, 0., 0., 1. ]
D2: !!opencv-matrix
   rows: 1
   cols: 5
   dt: d
   data: [ 1.7643357402731896e-01, -1.6002070948739640e+00,
       -4.3490932874918620e-03, -1.0857918846571789e-03,
       6.4294211581821337e+00 ]
R: !!opencv-matrix
   rows: 3
   cols: 3
   dt: d
   data: [ 9.9842122358080354e-01, 1.6916837927650374e-02,
       5.3561935158663469e-02, -1.6528717774293173e-02,
       9.9983388864094391e-01, -7.6809253261862645e-03,
       -5.3682974881698063e-02, 6.7834887527211596e-03,
       9.9853498811418362e-01 ]
T: !!opencv-matrix
   rows: 3
   cols: 1
   dt: d
   data: [ -1.0323293967148607e-01, -6.0711663724443386e-04,
       -2.5129242791074879e-02 ]
E: !!opencv-matrix
   rows: 3
   cols: 3
   dt: d
   data: [ -3.8276233478791400e-04, 2.5120950169522465e-02,
       -7.9924304153664450e-04, -3.0631420642472304e-02,
       2.7517215763067751e-04, 1.0173573131489771e-01,
       2.3124662606544772e-03, -1.0320552101382244e-01,
       8.2544284277720828e-04 ]
F: !!opencv-matrix
   rows: 3
   cols: 3
   dt: d
   data: [ 1.2131470081907913e-07, -7.9576941780599224e-06,
       1.8244692343242373e-03, 9.6852421779063177e-06,
       -8.6959048849538173e-08, -2.4173802316152702e-02,
       -2.9137821381260177e-03, 2.3487685230723507e-02, 1. ]
R1: !!opencv-matrix
   rows: 3
   cols: 3
   dt: d
   data: [ 9.5728658802393551e-01, 2.3754110321420795e-02,
       2.8816337489752197e-01, -2.2974073804851614e-02,
       9.9971751809310727e-01, -6.0890024279045725e-03,
       -2.8822661279330414e-01, -7.9136628407254744e-04,
       9.5756190056680057e-01 ]
R2: !!opencv-matrix
   rows: 3
   cols: 3
   dt: d
   data: [ 9.7161167896813572e-01, 5.7140832869790274e-03,
       2.3651235600896181e-01, -6.3518824050862724e-03,
       9.9997795481251051e-01, 1.9348071999039783e-03,
       -2.3649608640024547e-01, -3.3821799446971464e-03,
       9.7162655479159754e-01 ]
P1: !!opencv-matrix
   rows: 3
   cols: 4
   dt: d
   data: [ 1.9397273250322553e+03, 0., 1.1112858140468597e+02, 0., 0.,
       1.9397273250322553e+03, 2.5804273414611816e+02, 0., 0., 0., 1.,
       0. ]
P2: !!opencv-matrix
   rows: 3
   cols: 4
   dt: d
   data: [ 1.9397273250322553e+03, 0., 1.1112858140468597e+02,
       -2.0609442872984951e+02, 0., 1.9397273250322553e+03,
       2.5804273414611816e+02, 0., 0., 0., 1., 0. ]
Q: !!opencv-matrix
   rows: 4
   cols: 4
   dt: d
   data: [ 1., 0., 0., -1.1112858140468597e+02, 0., 1., 0.,
       -2.5804273414611816e+02, 0., 0., 0., 1.9397273250322553e+03, 0.,
       0., 9.4118377531440593e+00, 0. ]
